{
  "actor_hidden_nn": [
    128,
    128
  ],
  "actor_lr": 0.0003000000142492354,
  "algo_type": "PPO",
  "clip_epsilon": 0.10000000149011612,
  "component": "Actor",
  "critic_hidden_nn": [
    128,
    128
  ],
  "critic_lr": 0.0010000000474974513,
  "entropy_coef": 0.009999999776482582,
  "eval_interval": 250,
  "gae_lambda": 0.9599999785423279,
  "gamma": 0.9900000095367432,
  "instance_matrices_text": "{\"duration_matrix\":[[0.0,68.0,19.0,57.0,61.0,28.0,58.0,65.0,19.0,19.0,27.0,64.0,11.0,61.0,81.0,2.0,34.0,24.0,86.0,66.0,62.0,79.0,76.0,47.0],[68.0,0.0,55.0,35.0,91.0,71.0,18.0,12.0,64.0,46.0,90.0,52.0,21.0,30.0,28.0,74.0,30.0,31.0,64.0,49.0,44.0,39.0,83.0,57.0],[19.0,55.0,0.0,12.0,60.0,91.0,69.0,4.0,3.0,50.0,42.0,70.0,86.0,60.0,99.0,47.0,35.0,24.0,90.0,55.0,75.0,53.0,90.0,50.0],[57.0,35.0,12.0,0.0,66.0,5.0,87.0,57.0,69.0,53.0,66.0,81.0,23.0,35.0,92.0,21.0,6.0,10.0,5.0,83.0,83.0,69.0,61.0,2.0],[61.0,91.0,60.0,66.0,0.0,65.0,89.0,89.0,98.0,6.0,73.0,90.0,43.0,99.0,48.0,56.0,80.0,90.0,57.0,60.0,56.0,59.0,55.0,42.0],[28.0,71.0,91.0,5.0,65.0,0.0,9.0,9.0,97.0,45.0,25.0,65.0,88.0,20.0,85.0,96.0,59.0,57.0,17.0,52.0,73.0,34.0,29.0,48.0],[58.0,18.0,69.0,87.0,89.0,9.0,0.0,5.0,48.0,94.0,55.0,89.0,91.0,41.0,19.0,84.0,86.0,84.0,11.0,37.0,33.0,93.0,42.0,50.0],[65.0,12.0,4.0,57.0,89.0,9.0,5.0,0.0,97.0,79.0,31.0,83.0,97.0,36.0,87.0,24.0,91.0,12.0,18.0,32.0,69.0,57.0,87.0,70.0],[19.0,64.0,3.0,69.0,98.0,97.0,48.0,97.0,0.0,16.0,91.0,81.0,60.0,6.0,1.0,53.0,68.0,66.0,11.0,96.0,59.0,67.0,67.0,32.0],[19.0,46.0,50.0,53.0,6.0,45.0,94.0,79.0,16.0,0.0,77.0,5.0,59.0,2.0,30.0,36.0,52.0,63.0,25.0,24.0,81.0,69.0,54.0,49.0],[27.0,90.0,42.0,66.0,73.0,25.0,55.0,31.0,91.0,77.0,0.0,3.0,56.0,17.0,19.0,82.0,79.0,97.0,41.0,24.0,39.0,57.0,95.0,55.0],[64.0,52.0,70.0,81.0,90.0,65.0,89.0,83.0,81.0,5.0,3.0,0.0,17.0,25.0,16.0,72.0,69.0,94.0,25.0,74.0,74.0,81.0,47.0,29.0],[11.0,21.0,86.0,23.0,43.0,88.0,91.0,97.0,60.0,59.0,56.0,17.0,0.0,16.0,70.0,43.0,34.0,80.0,88.0,76.0,14.0,77.0,33.0,57.0],[61.0,30.0,60.0,35.0,99.0,20.0,41.0,36.0,6.0,2.0,17.0,25.0,16.0,0.0,17.0,84.0,69.0,100.0,59.0,25.0,11.0,91.0,83.0,46.0],[81.0,28.0,99.0,92.0,48.0,85.0,19.0,87.0,1.0,30.0,19.0,16.0,70.0,17.0,0.0,22.0,82.0,90.0,31.0,55.0,36.0,27.0,13.0,26.0],[2.0,74.0,47.0,21.0,56.0,96.0,84.0,24.0,53.0,36.0,82.0,72.0,43.0,84.0,22.0,0.0,41.0,87.0,10.0,10.0,17.0,86.0,44.0,18.0],[34.0,30.0,35.0,6.0,80.0,59.0,86.0,91.0,68.0,52.0,79.0,69.0,34.0,69.0,82.0,41.0,0.0,50.0,45.0,84.0,38.0,98.0,8.0,39.0],[24.0,31.0,24.0,10.0,90.0,57.0,84.0,12.0,66.0,63.0,97.0,94.0,80.0,100.0,90.0,87.0,50.0,0.0,38.0,42.0,7.0,57.0,85.0,24.0],[86.0,64.0,90.0,5.0,57.0,17.0,11.0,18.0,11.0,25.0,41.0,25.0,88.0,59.0,31.0,10.0,45.0,38.0,0.0,42.0,58.0,18.0,15.0,37.0],[66.0,49.0,55.0,83.0,60.0,52.0,37.0,32.0,96.0,24.0,24.0,74.0,76.0,25.0,55.0,10.0,84.0,42.0,42.0,0.0,54.0,23.0,58.0,52.0],[62.0,44.0,75.0,83.0,56.0,73.0,33.0,69.0,59.0,81.0,39.0,74.0,14.0,11.0,36.0,17.0,38.0,7.0,58.0,54.0,0.0,43.0,85.0,22.0],[79.0,39.0,53.0,69.0,59.0,34.0,93.0,57.0,67.0,69.0,57.0,81.0,77.0,91.0,27.0,86.0,98.0,57.0,18.0,23.0,43.0,0.0,35.0,69.0],[76.0,83.0,90.0,61.0,55.0,29.0,42.0,87.0,67.0,54.0,95.0,47.0,33.0,83.0,13.0,44.0,8.0,85.0,15.0,58.0,85.0,35.0,0.0,85.0],[47.0,57.0,50.0,2.0,42.0,48.0,50.0,70.0,32.0,49.0,55.0,29.0,57.0,46.0,26.0,18.0,39.0,24.0,37.0,52.0,22.0,69.0,85.0,0.0]],\"potential_uncertainty_matrix\":[[0.0,3.25,10.0,1.71,1.16,3.17,10.0,1.77,10.0,8.05,10.0,10.0,10.0,10.0,10.0,10.0,7.2,2.52,10.0,10.0,10.0,10.0,10.0,9.51],[3.16,0.0,10.0,2.49,2.72,10.0,10.0,10.0,10.0,3.18,7.81,7.82,10.0,10.0,1.6,4.72,1.06,1.19,10.0,8.19,10.0,8.52,10.0,6.59],[10.0,3.42,0.0,10.0,2.29,1.08,10.0,10.0,7.53,3.77,10.0,2.43,10.0,3.24,3.46,10.0,10.0,1.86,10.0,10.0,7.03,9.88,0.71,10.0],[1.82,10.0,10.0,0.0,10.0,10.0,7.73,10.0,10.0,10.0,0.19,5.06,0.9,10.0,4.63,8.71,10.0,10.0,1.19,10.0,8.66,1.84,3.13,10.0],[8.14,4.56,10.0,3.9,0.0,3.27,10.0,10.0,10.0,2.27,9.67,10.0,3.78,10.0,10.0,10.0,10.0,10.0,10.0,10.0,10.0,10.0,8.72,10.0],[10.0,6.76,10.0,2.82,5.21,0.0,10.0,4.08,10.0,10.0,10.0,3.0,9.35,10.0,10.0,9.74,10.0,10.0,10.0,0.85,7.76,0.92,10.0,4.18],[10.0,2.28,10.0,5.61,10.0,10.0,0.0,2.5,0.83,10.0,4.52,3.21,5.1,0.88,10.0,4.81,10.0,1.6,4.84,6.51,10.0,10.0,10.0,6.05],[10.0,10.0,10.0,10.0,10.0,10.0,10.0,0.0,8.29,10.0,6.19,10.0,10.0,4.58,10.0,10.0,9.07,10.0,10.0,10.0,10.0,1.15,10.0,5.52],[2.5,10.0,5.44,10.0,10.0,10.0,9.86,10.0,0.0,10.0,7.15,7.11,10.0,10.0,8.34,10.0,0.26,10.0,10.0,6.6,10.0,7.46,10.0,10.0],[2.09,10.0,0.3,6.5,10.0,0.05,10.0,10.0,10.0,0.0,6.45,10.0,10.0,10.0,6.47,10.0,5.71,6.63,10.0,10.0,8.36,10.0,10.0,8.31],[10.0,10.0,10.0,1.83,9.03,6.93,10.0,8.36,10.0,10.0,0.0,7.18,8.29,4.85,6.93,3.77,10.0,10.0,9.97,1.57,10.0,10.0,2.02,10.0],[10.0,6.72,10.0,7.19,7.83,9.45,7.96,6.65,10.0,10.0,10.0,0.0,10.0,3.53,10.0,0.65,10.0,0.04,10.0,10.0,4.39,1.69,3.69,5.54],[2.22,8.98,4.25,10.0,10.0,10.0,6.48,3.5,6.17,10.0,10.0,10.0,0.0,8.75,6.58,5.83,10.0,10.0,2.92,0.46,7.49,10.0,10.0,10.0],[6.7,0.81,10.0,8.89,10.0,10.0,10.0,7.27,9.57,0.74,10.0,10.0,10.0,0.0,10.0,10.0,10.0,7.77,9.36,10.0,10.0,1.29,6.99,10.0],[7.49,10.0,3.74,8.0,10.0,10.0,0.16,10.0,10.0,10.0,1.8,2.84,10.0,10.0,0.0,0.69,10.0,10.0,10.0,3.68,10.0,5.17,4.0,1.9],[10.0,8.68,10.0,10.0,10.0,8.31,10.0,10.0,10.0,6.08,4.45,10.0,1.57,10.0,10.0,0.0,7.92,10.0,9.36,7.0,6.3,10.0,2.36,10.0],[4.66,4.8,8.95,10.0,10.0,10.0,7.33,10.0,0.34,1.0,1.27,10.0,10.0,7.57,3.55,7.66,0.0,9.54,10.0,6.38,10.0,6.43,3.67,8.62],[10.0,10.0,10.0,8.48,10.0,5.55,4.96,2.32,10.0,2.03,6.52,6.26,10.0,10.0,10.0,5.93,0.69,0.0,10.0,10.0,10.0,10.0,10.0,10.0],[1.94,2.26,7.57,9.55,10.0,10.0,10.0,6.62,9.59,10.0,4.07,10.0,7.87,3.06,10.0,2.78,3.62,10.0,0.0,6.15,10.0,5.26,7.97,5.1],[9.58,10.0,3.53,9.35,10.0,7.91,10.0,10.0,10.0,3.01,9.19,10.0,1.37,10.0,9.53,3.08,10.0,0.97,4.03,0.0,10.0,0.02,10.0,7.4],[4.02,3.99,6.54,10.0,10.0,2.31,10.0,10.0,10.0,2.42,4.49,7.74,4.26,1.28,10.0,7.77,10.0,9.32,10.0,8.45,0.0,5.6,10.0,10.0],[10.0,10.0,10.0,10.0,10.0,5.13,8.97,5.57,10.0,5.71,10.0,10.0,3.66,10.0,6.25,10.0,5.84,10.0,2.2,10.0,10.0,0.0,7.94,1.58],[10.0,6.53,10.0,10.0,10.0,9.72,6.34,9.2,1.43,1.94,10.0,8.78,10.0,5.32,10.0,9.36,10.0,0.52,4.76,0.03,10.0,10.0,0.0,6.64],[4.44,10.0,10.0,10.0,8.02,4.36,10.0,0.37,5.28,10.0,2.7,10.0,1.14,8.06,6.29,10.0,10.0,0.17,10.0,1.47,1.13,10.0,6.56,0.0]],\"uncertainty_inclusion_matrix\":[[0.0,0.0,0.0,0.0,1.0,0.0,0.0,0.0,0.0,0.0,0.0,0.0,0.0,0.0,0.0,0.0,0.0,0.0,0.0,0.0,0.0,0.0,0.0,0.0],[0.0,0.0,0.0,0.0,0.0,0.0,0.0,0.0,0.0,0.0,0.0,0.0,0.0,0.0,0.0,0.0,0.0,0.0,0.0,0.0,0.0,0.0,0.0,0.0],[0.0,0.0,0.0,0.0,0.0,0.0,0.0,0.0,0.0,0.0,0.0,0.0,0.0,0.0,0.0,0.0,0.0,0.0,0.0,0.0,0.0,0.0,0.0,0.0],[0.0,0.0,0.0,0.0,0.0,0.0,0.0,0.0,0.0,0.0,0.0,0.0,0.0,0.0,0.0,0.0,0.0,0.0,0.0,0.0,1.0,0.0,0.0,0.0],[0.0,0.0,0.0,0.0,0.0,0.0,0.0,0.0,0.0,0.0,0.0,0.0,0.0,0.0,0.0,0.0,0.0,0.0,0.0,0.0,0.0,0.0,0.0,0.0],[0.0,0.0,0.0,0.0,0.0,0.0,0.0,0.0,0.0,0.0,0.0,0.0,0.0,0.0,0.0,0.0,0.0,0.0,0.0,0.0,0.0,0.0,0.0,0.0],[0.0,0.0,0.0,0.0,0.0,0.0,0.0,0.0,0.0,0.0,0.0,0.0,0.0,0.0,0.0,0.0,0.0,0.0,0.0,0.0,0.0,0.0,0.0,0.0],[1.0,0.0,0.0,0.0,0.0,0.0,0.0,0.0,0.0,0.0,0.0,0.0,0.0,0.0,0.0,0.0,0.0,0.0,0.0,0.0,0.0,0.0,0.0,0.0],[0.0,0.0,0.0,0.0,0.0,0.0,0.0,0.0,0.0,0.0,0.0,0.0,0.0,0.0,0.0,0.0,0.0,0.0,0.0,0.0,0.0,0.0,0.0,0.0],[0.0,0.0,0.0,0.0,0.0,0.0,0.0,0.0,0.0,0.0,0.0,0.0,0.0,0.0,0.0,0.0,0.0,0.0,0.0,0.0,0.0,0.0,0.0,0.0],[0.0,0.0,0.0,0.0,0.0,0.0,0.0,0.0,0.0,0.0,0.0,0.0,0.0,0.0,0.0,0.0,0.0,0.0,0.0,0.0,0.0,0.0,0.0,0.0],[0.0,0.0,0.0,0.0,0.0,0.0,0.0,0.0,0.0,0.0,0.0,0.0,0.0,0.0,0.0,0.0,0.0,0.0,0.0,0.0,0.0,0.0,0.0,0.0],[0.0,0.0,0.0,0.0,0.0,0.0,0.0,0.0,0.0,0.0,0.0,0.0,0.0,0.0,0.0,0.0,0.0,0.0,0.0,0.0,0.0,0.0,0.0,0.0],[0.0,0.0,0.0,0.0,0.0,0.0,0.0,0.0,0.0,0.0,0.0,0.0,0.0,0.0,0.0,0.0,0.0,0.0,0.0,0.0,0.0,0.0,0.0,0.0],[0.0,0.0,0.0,0.0,0.0,0.0,0.0,0.0,0.0,0.0,0.0,0.0,0.0,0.0,0.0,0.0,0.0,0.0,0.0,0.0,0.0,0.0,0.0,0.0],[0.0,0.0,0.0,0.0,0.0,0.0,0.0,0.0,0.0,0.0,0.0,0.0,0.0,0.0,0.0,0.0,0.0,0.0,0.0,0.0,0.0,0.0,0.0,0.0],[0.0,0.0,0.0,0.0,0.0,0.0,0.0,0.0,0.0,0.0,0.0,0.0,0.0,0.0,0.0,0.0,0.0,0.0,0.0,0.0,0.0,0.0,0.0,0.0],[0.0,0.0,0.0,0.0,0.0,0.0,0.0,0.0,0.0,0.0,0.0,0.0,0.0,0.0,0.0,0.0,0.0,0.0,0.0,0.0,0.0,0.0,0.0,0.0],[0.0,0.0,0.0,0.0,0.0,0.0,0.0,0.0,0.0,0.0,0.0,0.0,0.0,0.0,0.0,0.0,0.0,0.0,0.0,0.0,0.0,0.0,0.0,0.0],[0.0,0.0,0.0,0.0,0.0,0.0,0.0,0.0,0.0,0.0,0.0,0.0,0.0,0.0,0.0,0.0,0.0,0.0,0.0,0.0,0.0,0.0,0.0,0.0],[0.0,0.0,0.0,0.0,0.0,0.0,0.0,0.0,0.0,0.0,0.0,0.0,0.0,0.0,0.0,0.0,0.0,0.0,0.0,0.0,0.0,0.0,0.0,0.0],[0.0,0.0,0.0,1.0,0.0,0.0,0.0,0.0,0.0,1.0,0.0,0.0,0.0,0.0,0.0,0.0,0.0,0.0,0.0,0.0,0.0,0.0,0.0,0.0],[0.0,0.0,0.0,0.0,0.0,0.0,0.0,0.0,0.0,0.0,0.0,0.0,0.0,0.0,0.0,0.0,0.0,0.0,0.0,0.0,0.0,0.0,0.0,0.0],[0.0,0.0,0.0,0.0,0.0,0.0,0.0,0.0,0.0,0.0,0.0,0.0,0.0,0.0,0.0,0.0,0.0,0.0,0.0,0.0,0.0,0.0,0.0,0.0]]}",
  "instance_matrix_hash": "327188c5aa8f9852ddea38c2932630ff0f2d5d7c",
  "max_episode_length": 25,
  "n_actions": 23,
  "n_epochs": 10,
  "n_timesteps": 2000000,
  "rollout_steps": 512,
  "use_saved_disk_networks_checkpoints": true,
  "value_coef": 0.5
}
