{
  "actor_hidden_nn": [
    128,
    128
  ],
  "actor_lr": 0.0003000000142492354,
  "algo_type": "PPO",
  "clip_epsilon": 0.10000000149011612,
  "component": "Actor",
  "critic_hidden_nn": [
    128,
    128
  ],
  "critic_lr": 0.009999999776482582,
  "entropy_coef": 0.009999999776482582,
  "eval_interval": 250,
  "gae_lambda": 0.9599999785423279,
  "gamma": 0.9900000095367432,
  "instance_matrices_text": "{\"duration_matrix\":[[0.0,60.0,67.0,17.0,68.0,82.0,22.0,92.0,71.0,93.0,21.0,43.0],[60.0,0.0,42.0,52.0,69.0,55.0,56.0,13.0,59.0,78.0,43.0,18.0],[67.0,42.0,0.0,100.0,93.0,83.0,93.0,72.0,86.0,91.0,69.0,34.0],[17.0,52.0,100.0,0.0,31.0,59.0,58.0,8.0,32.0,86.0,64.0,27.0],[68.0,69.0,93.0,31.0,0.0,26.0,57.0,10.0,60.0,4.0,59.0,60.0],[82.0,55.0,83.0,59.0,26.0,0.0,50.0,75.0,71.0,40.0,10.0,52.0],[22.0,56.0,93.0,58.0,57.0,50.0,0.0,84.0,92.0,40.0,61.0,82.0],[92.0,13.0,72.0,8.0,10.0,75.0,84.0,0.0,94.0,36.0,21.0,47.0],[71.0,59.0,86.0,32.0,60.0,71.0,92.0,94.0,0.0,57.0,34.0,62.0],[93.0,78.0,91.0,86.0,4.0,40.0,40.0,36.0,57.0,0.0,51.0,53.0],[21.0,43.0,69.0,64.0,59.0,10.0,61.0,21.0,34.0,51.0,0.0,92.0],[43.0,18.0,34.0,27.0,60.0,52.0,82.0,47.0,62.0,53.0,92.0,0.0]],\"potential_uncertainty_matrix\":[[0.0,10.0,0.1,10.0,10.0,8.75,5.11,0.45,9.46,9.47,10.0,10.0],[10.0,0.0,9.99,10.0,10.0,10.0,4.84,5.78,1.38,6.77,5.99,4.17],[10.0,10.0,0.0,10.0,8.85,4.35,10.0,7.59,0.92,10.0,0.02,7.65],[7.81,10.0,10.0,0.0,8.38,10.0,1.13,7.91,10.0,10.0,9.3,10.0],[10.0,10.0,8.5,10.0,0.0,5.21,10.0,6.79,10.0,6.17,0.75,10.0],[10.0,10.0,10.0,10.0,3.78,0.0,10.0,4.61,0.9,10.0,4.29,10.0],[10.0,4.96,0.02,10.0,10.0,10.0,0.0,10.0,10.0,10.0,7.6,10.0],[8.67,3.04,10.0,10.0,8.02,10.0,0.42,0.0,2.0,0.13,4.91,10.0],[1.19,7.94,10.0,10.0,0.07,10.0,10.0,3.81,0.0,10.0,7.99,3.3],[6.55,5.17,10.0,10.0,7.85,10.0,7.42,10.0,4.81,0.0,10.0,10.0],[2.97,10.0,6.39,10.0,5.32,10.0,0.23,7.39,4.03,8.11,0.0,2.76],[10.0,9.91,10.0,10.0,10.0,10.0,10.0,10.0,10.0,4.11,10.0,0.0]],\"uncertainty_inclusion_matrix\":[[0.0,0.0,0.0,0.0,0.0,0.0,0.0,0.0,0.0,0.0,0.0,0.0],[0.0,0.0,0.0,0.0,0.0,0.0,0.0,0.0,1.0,0.0,0.0,0.0],[0.0,0.0,0.0,0.0,0.0,0.0,0.0,0.0,0.0,0.0,0.0,0.0],[0.0,0.0,0.0,0.0,0.0,0.0,0.0,0.0,0.0,0.0,0.0,0.0],[0.0,0.0,0.0,0.0,0.0,0.0,0.0,0.0,0.0,0.0,0.0,0.0],[0.0,0.0,0.0,0.0,0.0,0.0,0.0,0.0,0.0,0.0,0.0,0.0],[0.0,0.0,0.0,0.0,0.0,0.0,0.0,0.0,0.0,0.0,0.0,0.0],[0.0,0.0,0.0,0.0,0.0,0.0,0.0,0.0,0.0,0.0,0.0,0.0],[0.0,0.0,0.0,0.0,0.0,0.0,0.0,0.0,0.0,0.0,0.0,0.0],[0.0,0.0,0.0,0.0,0.0,0.0,0.0,0.0,0.0,0.0,0.0,0.0],[0.0,0.0,0.0,0.0,0.0,0.0,0.0,0.0,0.0,0.0,0.0,1.0],[0.0,0.0,1.0,0.0,0.0,0.0,0.0,0.0,0.0,0.0,0.0,0.0]]}",
  "instance_matrix_hash": "7b30bae2ecaa4bfb3d93c1ba411c0c6c1f9b020d",
  "max_episode_length": 13,
  "n_actions": 11,
  "n_epochs": 16,
  "n_timesteps": 500000,
  "rollout_steps": 512,
  "use_saved_disk_networks_checkpoints": true,
  "value_coef": 0.5
}
